
 
 
 DOSE RESPONSE ANALYSIS OF 12 studies with dose between 20 and 60 
 
      checking for file ‘/private/var/folders/l2/9vv7qdx55599kxwt6ct7lbh80000gn/T/Rtmp3I42fi/remotes1b045ed79c8/htx-r-DoseResponseNMA-98ef571/DESCRIPTION’ ...  ✔  checking for file ‘/private/var/folders/l2/9vv7qdx55599kxwt6ct7lbh80000gn/T/Rtmp3I42fi/remotes1b045ed79c8/htx-r-DoseResponseNMA-98ef571/DESCRIPTION’ (459ms)
  ─  preparing ‘DoseResponseNMA’:
     checking DESCRIPTION meta-information ...  ✔  checking DESCRIPTION meta-information
  ─  excluding invalid files
     Subdirectory 'R' contains invalid file names:
     ‘Icon’
   Subdirectory 'man' contains invalid file names:
     ‘Icon’
  ─  checking for LF line-endings in source and make files and shell scripts
  ─  checking for empty or unneeded directories
  ─  building ‘DoseResponseNMA_0.1.0.tar.gz’
     
         antiDep1''
  [1,] 0.000000e+00
  [2,] 0.000000e+00
  [3,] 0.000000e+00
  [4,] 2.106705e-02
  [5,] 0.000000e+00
  [6,] 0.000000e+00
  [7,] 0.000000e+00
  [8,] 2.106705e-02
  [9,] 0.000000e+00
 [10,] 0.000000e+00
 [11,] 1.314968e+00
 [12,] 0.000000e+00
 [13,] 0.000000e+00
 [14,] 1.314968e+00
 [15,] 0.000000e+00
 [16,] 0.000000e+00
 [17,] 1.314968e+00
 [18,] 3.929818e+00
 [19,] 0.000000e+00
 [20,] 0.000000e+00
 [21,] 0.000000e+00
 [22,] 0.000000e+00
 [23,] 0.000000e+00
 [24,] 2.106705e-02
 [25,] 0.000000e+00
 [26,] 2.106705e-02
 [27,] 0.000000e+00
 [28,] 2.106705e-02
 [29,] 0.000000e+00
 [30,] 4.807997e-03
 [31,] 0.000000e+00
 [32,] 2.106705e-02
 [33,] 0.000000e+00
 [34,] 4.807997e-03
 [35,] 0.000000e+00
 [36,] 0.000000e+00
 [37,] 0.000000e+00
 [38,] 4.807997e-03
 [39,] 1.872520e+00
 [40,] 0.000000e+00
 [41,] 4.807997e-03
 [42,] 1.872520e+00
 [43,] 0.000000e+00
 [44,] 1.872520e+00
 [45,] 0.000000e+00
 [46,] 4.807997e-03
 [47,] 0.000000e+00
 [48,] 1.872520e+00
 [49,] 0.000000e+00
 [50,] 4.807997e-03
 [51,] 4.214855e+00
 [52,] 0.000000e+00
 [53,] 0.000000e+00
 [54,] 1.314968e+00
 [55,] 3.929818e+00
 [56,] 0.000000e+00
 [57,] 0.000000e+00
 [58,] 1.314968e+00
 [59,] 3.929818e+00
 [60,] 0.000000e+00
 [61,] 0.000000e+00
 [62,] 0.000000e+00
 [63,] 0.000000e+00
 [64,] 0.000000e+00
 [65,] 0.000000e+00
 [66,] 0.000000e+00
 [67,] 0.000000e+00
 [68,] 0.000000e+00
 [69,] 0.000000e+00
 [70,] 0.000000e+00
 [71,] 0.000000e+00
 [72,] 1.314968e+00
 [73,] 0.000000e+00
 [74,] 0.000000e+00
 [75,] 0.000000e+00
 [76,] 0.000000e+00
 [77,] 0.000000e+00
 [78,] 0.000000e+00
 [79,] 0.000000e+00
 [80,] 7.934028e-01
 [81,] 0.000000e+00
 [82,] 7.934028e-01
 [83,] 0.000000e+00
 [84,] 0.000000e+00
 [85,] 2.106705e-02
 [86,] 7.934028e-01
 [87,] 2.240709e+00
 [88,] 0.000000e+00
 [89,] 7.934028e-01
 [90,] 0.000000e+00
 [91,] 2.106705e-02
 [92,] 0.000000e+00
 [93,] 0.000000e+00
 [94,] 2.801715e-01
 [95,] 0.000000e+00
 [96,] 2.106705e-02
 [97,] 0.000000e+00
 [98,] 0.000000e+00
 [99,] 2.801715e-01
[100,] 0.000000e+00
[101,] 7.934028e-01
[102,] 0.000000e+00
[103,] 2.106705e-02
[104,] 0.000000e+00
[105,] 2.106705e-02
[106,] 0.000000e+00
[107,] 6.832974e+00
[108,] 0.000000e+00
[109,] 1.437967e+00
[110,] 0.000000e+00
[111,] 5.644249e-05
[112,] 0.000000e+00
[113,] 5.644249e-05
[114,] 1.437967e+00
[115,] 6.832974e+00
[116,] 0.000000e+00
[117,] 0.000000e+00
[118,] 0.000000e+00
[119,] 0.000000e+00
[120,] 0.000000e+00
[121,] 1.314968e+00
[122,] 0.000000e+00
[123,] 1.314968e+00
[124,] 0.000000e+00
[125,] 4.807997e-03
[126,] 1.872520e+00
[127,] 0.000000e+00
[128,] 4.807997e-03
[129,] 0.000000e+00
[130,] 0.000000e+00
[131,] 0.000000e+00
[132,] 0.000000e+00
[133,] 0.000000e+00
[134,] 3.929818e+00
[135,] 0.000000e+00
[136,] 0.000000e+00
[137,] 1.314968e+00
[138,] 0.000000e+00
[139,] 0.000000e+00
[140,] 2.801715e-01
[141,] 0.000000e+00
[142,] 2.106705e-02
attr(,"class")
[1] "rms"
attr(,"name")
[1] "antiDep1"
attr(,"label")
[1] "antiDep1"
attr(,"assume")
[1] "rcspline"
attr(,"assume.code")
[1] 4
attr(,"parms")
[1]  0.00 20.00 23.60 47.06
attr(,"nonlinear")
[1] FALSE  TRUE  TRUE
attr(,"colnames")
[1] "antiDep1"   "antiDep1'"  "antiDep1''"
       antiDep1
  [1,]     0.00
  [2,]    20.00
  [3,]     0.00
  [4,]    23.60
  [5,]     0.00
  [6,]    20.00
  [7,]     0.00
  [8,]    23.60
  [9,]     0.00
 [10,]    20.00
 [11,]    40.00
 [12,]     0.00
 [13,]    20.00
 [14,]    40.00
 [15,]     0.00
 [16,]    20.00
 [17,]    40.00
 [18,]    60.00
 [19,]     0.00
 [20,]    20.00
 [21,]     0.00
 [22,]    20.00
 [23,]     0.00
 [24,]    23.60
 [25,]     0.00
 [26,]    23.60
 [27,]     0.00
 [28,]    23.60
 [29,]     0.00
 [30,]    22.20
 [31,]     0.00
 [32,]    23.60
 [33,]     0.00
 [34,]    22.20
 [35,]     0.00
 [36,]     8.88
 [37,]     0.00
 [38,]    22.20
 [39,]    44.40
 [40,]     0.00
 [41,]    22.20
 [42,]    44.40
 [43,]     0.00
 [44,]    44.40
 [45,]     0.00
 [46,]    22.20
 [47,]     0.00
 [48,]    44.40
 [49,]     0.00
 [50,]    22.20
 [51,]    62.16
 [52,]     0.00
 [53,]    20.00
 [54,]    40.00
 [55,]    60.00
 [56,]     0.00
 [57,]    20.00
 [58,]    40.00
 [59,]    60.00
 [60,]     0.00
 [61,]    20.00
 [62,]     0.00
 [63,]    20.00
 [64,]     0.00
 [65,]    20.00
 [66,]     0.00
 [67,]    20.00
 [68,]     0.00
 [69,]    20.00
 [70,]     0.00
 [71,]    20.00
 [72,]    40.00
 [73,]     0.00
 [74,]    20.00
 [75,]     0.00
 [76,]    20.00
 [77,]     0.00
 [78,]    20.00
 [79,]     0.00
 [80,]    35.40
 [81,]     0.00
 [82,]    35.40
 [83,]     0.00
 [84,]    11.80
 [85,]    23.60
 [86,]    35.40
 [87,]    47.20
 [88,]     0.00
 [89,]    35.40
 [90,]     0.00
 [91,]    23.60
 [92,]     0.00
 [93,]    14.75
 [94,]    29.50
 [95,]     0.00
 [96,]    23.60
 [97,]     0.00
 [98,]    14.75
 [99,]    29.50
[100,]     0.00
[101,]    35.40
[102,]     0.00
[103,]    23.60
[104,]     0.00
[105,]    23.60
[106,]     0.00
[107,]    82.00
[108,]     0.00
[109,]    41.00
[110,]     0.00
[111,]    20.50
[112,]     0.00
[113,]    20.50
[114,]    41.00
[115,]    82.00
[116,]     0.00
[117,]    20.00
[118,]     0.00
[119,]    20.00
[120,]     0.00
[121,]    40.00
[122,]     0.00
[123,]    40.00
[124,]     0.00
[125,]    22.20
[126,]    44.40
[127,]     0.00
[128,]    22.20
[129,]     0.00
[130,]    20.00
[131,]    10.00
[132,]    20.00
[133,]     0.00
[134,]    60.00
[135,]     0.00
[136,]    20.00
[137,]    40.00
[138,]     0.00
[139,]    14.75
[140,]    29.50
[141,]     0.00
[142,]    23.60
attr(,"class")
[1] "rms"
attr(,"name")
[1] "antiDep1"
attr(,"label")
[1] "antiDep1"
attr(,"assume")
[1] "rcspline"
attr(,"assume.code")
[1] 4
attr(,"parms")
[1]  0.00 20.00 23.60 47.06
attr(,"nonlinear")
[1] FALSE  TRUE  TRUE
attr(,"colnames")
[1] "antiDep1"   "antiDep1'"  "antiDep1''"
       antiDep1  antiDep1'   antiDep1''
  [1,]     0.00  0.0000000 0.000000e+00
  [2,]    20.00  3.6123194 0.000000e+00
  [3,]     0.00  0.0000000 0.000000e+00
  [4,]    23.60  5.9351563 2.106705e-02
  [5,]     0.00  0.0000000 0.000000e+00
  [6,]    20.00  3.6123194 0.000000e+00
  [7,]     0.00  0.0000000 0.000000e+00
  [8,]    23.60  5.9351563 2.106705e-02
  [9,]     0.00  0.0000000 0.000000e+00
 [10,]    20.00  3.6123194 0.000000e+00
 [11,]    40.00 24.9032346 1.314968e+00
 [12,]     0.00  0.0000000 0.000000e+00
 [13,]    20.00  3.6123194 0.000000e+00
 [14,]    40.00 24.9032346 1.314968e+00
 [15,]     0.00  0.0000000 0.000000e+00
 [16,]    20.00  3.6123194 0.000000e+00
 [17,]    40.00 24.9032346 1.314968e+00
 [18,]    60.00 54.8326392 3.929818e+00
 [19,]     0.00  0.0000000 0.000000e+00
 [20,]    20.00  3.6123194 0.000000e+00
 [21,]     0.00  0.0000000 0.000000e+00
 [22,]    20.00  3.6123194 0.000000e+00
 [23,]     0.00  0.0000000 0.000000e+00
 [24,]    23.60  5.9351563 2.106705e-02
 [25,]     0.00  0.0000000 0.000000e+00
 [26,]    23.60  5.9351563 2.106705e-02
 [27,]     0.00  0.0000000 0.000000e+00
 [28,]    23.60  5.9351563 2.106705e-02
 [29,]     0.00  0.0000000 0.000000e+00
 [30,]    22.20  4.9403200 4.807997e-03
 [31,]     0.00  0.0000000 0.000000e+00
 [32,]    23.60  5.9351563 2.106705e-02
 [33,]     0.00  0.0000000 0.000000e+00
 [34,]    22.20  4.9403200 4.807997e-03
 [35,]     0.00  0.0000000 0.000000e+00
 [36,]     8.88  0.3161805 0.000000e+00
 [37,]     0.00  0.0000000 0.000000e+00
 [38,]    22.20  4.9403200 4.807997e-03
 [39,]    44.40 31.3715751 1.872520e+00
 [40,]     0.00  0.0000000 0.000000e+00
 [41,]    22.20  4.9403200 4.807997e-03
 [42,]    44.40 31.3715751 1.872520e+00
 [43,]     0.00  0.0000000 0.000000e+00
 [44,]    44.40 31.3715751 1.872520e+00
 [45,]     0.00  0.0000000 0.000000e+00
 [46,]    22.20  4.9403200 4.807997e-03
 [47,]     0.00  0.0000000 0.000000e+00
 [48,]    44.40 31.3715751 1.872520e+00
 [49,]     0.00  0.0000000 0.000000e+00
 [50,]    22.20  4.9403200 4.807997e-03
 [51,]    62.16 58.0822779 4.214855e+00
 [52,]     0.00  0.0000000 0.000000e+00
 [53,]    20.00  3.6123194 0.000000e+00
 [54,]    40.00 24.9032346 1.314968e+00
 [55,]    60.00 54.8326392 3.929818e+00
 [56,]     0.00  0.0000000 0.000000e+00
 [57,]    20.00  3.6123194 0.000000e+00
 [58,]    40.00 24.9032346 1.314968e+00
 [59,]    60.00 54.8326392 3.929818e+00
 [60,]     0.00  0.0000000 0.000000e+00
 [61,]    20.00  3.6123194 0.000000e+00
 [62,]     0.00  0.0000000 0.000000e+00
 [63,]    20.00  3.6123194 0.000000e+00
 [64,]     0.00  0.0000000 0.000000e+00
 [65,]    20.00  3.6123194 0.000000e+00
 [66,]     0.00  0.0000000 0.000000e+00
 [67,]    20.00  3.6123194 0.000000e+00
 [68,]     0.00  0.0000000 0.000000e+00
 [69,]    20.00  3.6123194 0.000000e+00
 [70,]     0.00  0.0000000 0.000000e+00
 [71,]    20.00  3.6123194 0.000000e+00
 [72,]    40.00 24.9032346 1.314968e+00
 [73,]     0.00  0.0000000 0.000000e+00
 [74,]    20.00  3.6123194 0.000000e+00
 [75,]     0.00  0.0000000 0.000000e+00
 [76,]    20.00  3.6123194 0.000000e+00
 [77,]     0.00  0.0000000 0.000000e+00
 [78,]    20.00  3.6123194 0.000000e+00
 [79,]     0.00  0.0000000 0.000000e+00
 [80,]    35.40 18.5429362 7.934028e-01
 [81,]     0.00  0.0000000 0.000000e+00
 [82,]    35.40 18.5429362 7.934028e-01
 [83,]     0.00  0.0000000 0.000000e+00
 [84,]    11.80  0.7418945 0.000000e+00
 [85,]    23.60  5.9351563 2.106705e-02
 [86,]    35.40 18.5429362 7.934028e-01
 [87,]    47.20 35.5755206 2.240709e+00
 [88,]     0.00  0.0000000 0.000000e+00
 [89,]    35.40 18.5429362 7.934028e-01
 [90,]     0.00  0.0000000 0.000000e+00
 [91,]    23.60  5.9351563 2.106705e-02
 [92,]     0.00  0.0000000 0.000000e+00
 [93,]    14.75  1.4490128 0.000000e+00
 [94,]    29.50 11.4060752 2.801715e-01
 [95,]     0.00  0.0000000 0.000000e+00
 [96,]    23.60  5.9351563 2.106705e-02
 [97,]     0.00  0.0000000 0.000000e+00
 [98,]    14.75  1.4490128 0.000000e+00
 [99,]    29.50 11.4060752 2.801715e-01
[100,]     0.00  0.0000000 0.000000e+00
[101,]    35.40 18.5429362 7.934028e-01
[102,]     0.00  0.0000000 0.000000e+00
[103,]    23.60  5.9351563 2.106705e-02
[104,]     0.00  0.0000000 0.000000e+00
[105,]    23.60  5.9351563 2.106705e-02
[106,]     0.00  0.0000000 0.000000e+00
[107,]    82.00 87.9308117 6.832974e+00
[108,]     0.00  0.0000000 0.000000e+00
[109,]    41.00 26.3489414 1.437967e+00
[110,]     0.00  0.0000000 0.000000e+00
[111,]    20.50  3.8900729 5.644249e-05
[112,]     0.00  0.0000000 0.000000e+00
[113,]    20.50  3.8900729 5.644249e-05
[114,]    41.00 26.3489414 1.437967e+00
[115,]    82.00 87.9308117 6.832974e+00
[116,]     0.00  0.0000000 0.000000e+00
[117,]    20.00  3.6123194 0.000000e+00
[118,]     0.00  0.0000000 0.000000e+00
[119,]    20.00  3.6123194 0.000000e+00
[120,]     0.00  0.0000000 0.000000e+00
[121,]    40.00 24.9032346 1.314968e+00
[122,]     0.00  0.0000000 0.000000e+00
[123,]    40.00 24.9032346 1.314968e+00
[124,]     0.00  0.0000000 0.000000e+00
[125,]    22.20  4.9403200 4.807997e-03
[126,]    44.40 31.3715751 1.872520e+00
[127,]     0.00  0.0000000 0.000000e+00
[128,]    22.20  4.9403200 4.807997e-03
[129,]     0.00  0.0000000 0.000000e+00
[130,]    20.00  3.6123194 0.000000e+00
[131,]    10.00  0.4515399 0.000000e+00
[132,]    20.00  3.6123194 0.000000e+00
[133,]     0.00  0.0000000 0.000000e+00
[134,]    60.00 54.8326392 3.929818e+00
[135,]     0.00  0.0000000 0.000000e+00
[136,]    20.00  3.6123194 0.000000e+00
[137,]    40.00 24.9032346 1.314968e+00
[138,]     0.00  0.0000000 0.000000e+00
[139,]    14.75  1.4490128 0.000000e+00
[140,]    29.50 11.4060752 2.801715e-01
[141,]     0.00  0.0000000 0.000000e+00
[142,]    23.60  5.9351563 2.106705e-02
attr(,"class")
[1] "rms"
attr(,"name")
[1] "antiDep1"
attr(,"label")
[1] "antiDep1"
attr(,"assume")
[1] "rcspline"
attr(,"assume.code")
[1] 4
attr(,"parms")
[1]  0.00 20.00 23.60 47.06
attr(,"nonlinear")
[1] FALSE  TRUE  TRUE
attr(,"colnames")
[1] "antiDep1"   "antiDep1'"  "antiDep1''"
       antiDep1  antiDep1'   antiDep1''
  [1,]     0.00  0.0000000 0.000000e+00
  [2,]    20.00  3.6123194 0.000000e+00
  [3,]     0.00  0.0000000 0.000000e+00
  [4,]    23.60  5.9351563 2.106705e-02
  [5,]     0.00  0.0000000 0.000000e+00
  [6,]    20.00  3.6123194 0.000000e+00
  [7,]     0.00  0.0000000 0.000000e+00
  [8,]    23.60  5.9351563 2.106705e-02
  [9,]     0.00  0.0000000 0.000000e+00
 [10,]    20.00  3.6123194 0.000000e+00
 [11,]    40.00 24.9032346 1.314968e+00
 [12,]     0.00  0.0000000 0.000000e+00
 [13,]    20.00  3.6123194 0.000000e+00
 [14,]    40.00 24.9032346 1.314968e+00
 [15,]     0.00  0.0000000 0.000000e+00
 [16,]    20.00  3.6123194 0.000000e+00
 [17,]    40.00 24.9032346 1.314968e+00
 [18,]    60.00 54.8326392 3.929818e+00
 [19,]     0.00  0.0000000 0.000000e+00
 [20,]    20.00  3.6123194 0.000000e+00
 [21,]     0.00  0.0000000 0.000000e+00
 [22,]    20.00  3.6123194 0.000000e+00
 [23,]     0.00  0.0000000 0.000000e+00
 [24,]    23.60  5.9351563 2.106705e-02
 [25,]     0.00  0.0000000 0.000000e+00
 [26,]    23.60  5.9351563 2.106705e-02
 [27,]     0.00  0.0000000 0.000000e+00
 [28,]    23.60  5.9351563 2.106705e-02
 [29,]     0.00  0.0000000 0.000000e+00
 [30,]    22.20  4.9403200 4.807997e-03
 [31,]     0.00  0.0000000 0.000000e+00
 [32,]    23.60  5.9351563 2.106705e-02
 [33,]     0.00  0.0000000 0.000000e+00
 [34,]    22.20  4.9403200 4.807997e-03
 [35,]     0.00  0.0000000 0.000000e+00
 [36,]     8.88  0.3161805 0.000000e+00
 [37,]     0.00  0.0000000 0.000000e+00
 [38,]    22.20  4.9403200 4.807997e-03
 [39,]    44.40 31.3715751 1.872520e+00
 [40,]     0.00  0.0000000 0.000000e+00
 [41,]    22.20  4.9403200 4.807997e-03
 [42,]    44.40 31.3715751 1.872520e+00
 [43,]     0.00  0.0000000 0.000000e+00
 [44,]    44.40 31.3715751 1.872520e+00
 [45,]     0.00  0.0000000 0.000000e+00
 [46,]    22.20  4.9403200 4.807997e-03
 [47,]     0.00  0.0000000 0.000000e+00
 [48,]    44.40 31.3715751 1.872520e+00
 [49,]     0.00  0.0000000 0.000000e+00
 [50,]    22.20  4.9403200 4.807997e-03
 [51,]    62.16 58.0822779 4.214855e+00
 [52,]     0.00  0.0000000 0.000000e+00
 [53,]    20.00  3.6123194 0.000000e+00
 [54,]    40.00 24.9032346 1.314968e+00
 [55,]    60.00 54.8326392 3.929818e+00
 [56,]     0.00  0.0000000 0.000000e+00
 [57,]    20.00  3.6123194 0.000000e+00
 [58,]    40.00 24.9032346 1.314968e+00
 [59,]    60.00 54.8326392 3.929818e+00
 [60,]     0.00  0.0000000 0.000000e+00
 [61,]    20.00  3.6123194 0.000000e+00
 [62,]     0.00  0.0000000 0.000000e+00
 [63,]    20.00  3.6123194 0.000000e+00
 [64,]     0.00  0.0000000 0.000000e+00
 [65,]    20.00  3.6123194 0.000000e+00
 [66,]     0.00  0.0000000 0.000000e+00
 [67,]    20.00  3.6123194 0.000000e+00
 [68,]     0.00  0.0000000 0.000000e+00
 [69,]    20.00  3.6123194 0.000000e+00
 [70,]     0.00  0.0000000 0.000000e+00
 [71,]    20.00  3.6123194 0.000000e+00
 [72,]    40.00 24.9032346 1.314968e+00
 [73,]     0.00  0.0000000 0.000000e+00
 [74,]    20.00  3.6123194 0.000000e+00
 [75,]     0.00  0.0000000 0.000000e+00
 [76,]    20.00  3.6123194 0.000000e+00
 [77,]     0.00  0.0000000 0.000000e+00
 [78,]    20.00  3.6123194 0.000000e+00
 [79,]     0.00  0.0000000 0.000000e+00
 [80,]    35.40 18.5429362 7.934028e-01
 [81,]     0.00  0.0000000 0.000000e+00
 [82,]    35.40 18.5429362 7.934028e-01
 [83,]     0.00  0.0000000 0.000000e+00
 [84,]    11.80  0.7418945 0.000000e+00
 [85,]    23.60  5.9351563 2.106705e-02
 [86,]    35.40 18.5429362 7.934028e-01
 [87,]    47.20 35.5755206 2.240709e+00
 [88,]     0.00  0.0000000 0.000000e+00
 [89,]    35.40 18.5429362 7.934028e-01
 [90,]     0.00  0.0000000 0.000000e+00
 [91,]    23.60  5.9351563 2.106705e-02
 [92,]     0.00  0.0000000 0.000000e+00
 [93,]    14.75  1.4490128 0.000000e+00
 [94,]    29.50 11.4060752 2.801715e-01
 [95,]     0.00  0.0000000 0.000000e+00
 [96,]    23.60  5.9351563 2.106705e-02
 [97,]     0.00  0.0000000 0.000000e+00
 [98,]    14.75  1.4490128 0.000000e+00
 [99,]    29.50 11.4060752 2.801715e-01
[100,]     0.00  0.0000000 0.000000e+00
[101,]    35.40 18.5429362 7.934028e-01
[102,]     0.00  0.0000000 0.000000e+00
[103,]    23.60  5.9351563 2.106705e-02
[104,]     0.00  0.0000000 0.000000e+00
[105,]    23.60  5.9351563 2.106705e-02
[106,]     0.00  0.0000000 0.000000e+00
[107,]    82.00 87.9308117 6.832974e+00
[108,]     0.00  0.0000000 0.000000e+00
[109,]    41.00 26.3489414 1.437967e+00
[110,]     0.00  0.0000000 0.000000e+00
[111,]    20.50  3.8900729 5.644249e-05
[112,]     0.00  0.0000000 0.000000e+00
[113,]    20.50  3.8900729 5.644249e-05
[114,]    41.00 26.3489414 1.437967e+00
[115,]    82.00 87.9308117 6.832974e+00
[116,]     0.00  0.0000000 0.000000e+00
[117,]    20.00  3.6123194 0.000000e+00
[118,]     0.00  0.0000000 0.000000e+00
[119,]    20.00  3.6123194 0.000000e+00
[120,]     0.00  0.0000000 0.000000e+00
[121,]    40.00 24.9032346 1.314968e+00
[122,]     0.00  0.0000000 0.000000e+00
[123,]    40.00 24.9032346 1.314968e+00
[124,]     0.00  0.0000000 0.000000e+00
[125,]    22.20  4.9403200 4.807997e-03
[126,]    44.40 31.3715751 1.872520e+00
[127,]     0.00  0.0000000 0.000000e+00
[128,]    22.20  4.9403200 4.807997e-03
[129,]     0.00  0.0000000 0.000000e+00
[130,]    20.00  3.6123194 0.000000e+00
[131,]    10.00  0.4515399 0.000000e+00
[132,]    20.00  3.6123194 0.000000e+00
[133,]     0.00  0.0000000 0.000000e+00
[134,]    60.00 54.8326392 3.929818e+00
[135,]     0.00  0.0000000 0.000000e+00
[136,]    20.00  3.6123194 0.000000e+00
[137,]    40.00 24.9032346 1.314968e+00
[138,]     0.00  0.0000000 0.000000e+00
[139,]    14.75  1.4490128 0.000000e+00
[140,]    29.50 11.4060752 2.801715e-01
[141,]     0.00  0.0000000 0.000000e+00
[142,]    23.60  5.9351563 2.106705e-02
attr(,"class")
[1] "rms"
attr(,"name")
[1] "antiDep1"
attr(,"label")
[1] "antiDep1"
attr(,"assume")
[1] "rcspline"
attr(,"assume.code")
[1] 4
attr(,"parms")
[1]  0.00 20.00 23.60 47.06
attr(,"nonlinear")
[1] FALSE  TRUE  TRUE
attr(,"colnames")
[1] "antiDep1"   "antiDep1'"  "antiDep1''"
